0.01281213251
0.009905866216
0.007729969403
0.006756046938
0.006224618033
0.005613125059
0.005166263238
0.004878570308
0.004626121168
0.004348963782
0.004153383859
0.003836331201
0.003578162852
0.003348930548
0.003180921439
0.002950964086
0.002761328165
0.002608486396
0.002443717469
0.002271865555
0.002134858378
0.001994384127
0.001861409762
0.001751767002
0.001637375958
0.001530058783
0.001426609764
0.001337086336
0.001252538762
0.001173997032
0.001101824893
0.001029348308
0.0009646527889
0.0009023327801
0.0008465333546
0.0007940742253
0.0007459797908
0.000700224112
0.0006562847694
0.0006136859012
0.000573279056
0.0005348874909
0.0004997362834
0.0004684719953
0.0004403578237
0.0004154232778
0.0003931203141
0.0003738757704
0.0003565158393
0.0003396333261
0.0003250331917
0.0003122255039
0.0003017209113
0.0002941052108
0.0002901192113
0.0002889375242
0.0002901609832
0.0002946413259
0.0003034612118
0.0003157594036
0.0003324556233
0.0003551761567
0.0003845704137
0.0004186986606
0.000458646106
0.000505314308
0.0005585340544
0.0006170660586
0.0006814571678
0.0007507682917
0.0008243805314
0.0009006676609
0.00098076866
0.001065026272
0.001152841481
0.001240907674
0.001326507852
0.001409568972
0.001487567311
0.001548775994
0.001593054764
0.001641910096
0.001688048657
0.001737039549
0.001796502991
0.001872483131
0.00193894844
0.002004061164
0.002056356976
0.002110787856
0.002179085344
0.002202261979
