483.9360031
339.2698356
276.2173271
238.8694881
213.4701967
194.7622567
180.2445114
168.5551698
158.881044
150.702623
143.6704227
132.132576
122.9935488
115.5229706
109.2681252
101.540977
95.25290944
90.0064777
84.19637706
78.30643302
73.50404975
68.76496024
64.25002463
60.52435906
56.57091496
52.97743821
49.4571429
46.34139206
43.3917091
40.65025127
38.13134014
35.6348303
33.41478525
31.30128342
29.33044184
27.47199781
25.71385394
24.11233633
22.58778682
21.16768308
19.84659577
18.62038464
17.4743301
16.40130932
15.39806065
14.46291943
13.59453459
12.78343464
12.0317062
11.33408041
10.68334427
10.08151998
9.524590925
9.008063204
8.53168409
8.093426942
7.690198671
7.32091403
6.983995623
6.67691829
6.399430292
6.149548212
5.926258837
5.728581598
5.555547736
5.406247162
5.280116953
5.176393075
5.094630334
5.034393627
4.995390568
4.977407395
4.980366906
5.004280403
5.049264925
5.115558262
5.203489722
5.313483177
5.446107738
5.602011843
5.781934862
5.986755325
6.217436974
6.475085168
6.760900885
7.076197582
7.422437838
7.801194113
8.214210516
8.663332588
9.150603165
9.678200886
