497.8631218
360.9470476
295.3459747
258.9749375
232.2479515
213.1843699
193.845158
177.9163633
167.0397546
158.3165621
149.9317738
136.4937628
128.1512688
120.1383589
112.8001891
104.4359527
98.45514528
93.12462079
86.58363097
81.01975398
75.98371179
71.20539362
66.43881365
62.29982419
57.10088397
51.53681508
46.30850163
42.04263509
38.1105241
35.38111921
35.24174974
34.64007108
33.63117533
33.20160814
32.38239839
32.16450171
31.7069146
31.23852788
29.43083168
27.44311721
24.24445277
20.77887646
17.07720111
14.60287564
13.55802548
12.55171211
11.87437447
12.214766
11.16819511
9.043565884
8.36958181
8.777320395
7.861429367
7.199853652
7.254675615
6.41895635
6.500639761
6.149183042
5.775594953
5.581004778
5.253432241
5.042420583
4.842099265
4.637917342
4.520972088
4.397523473
4.351526381
4.329308236
4.42151699
4.544496293
4.684074199
4.850067326
5.064943066
5.336426184
5.692818514
6.100530303
6.531857131
7.01144931
7.529958811
7.976801479
8.270359613
8.538561844
8.702946957
8.897832312
9.199368006
9.615305393
9.9110601
10.08997886
10.063332
10.04260064
10.15498356
10.01610875
