0.005037580904
0.01007516181
0.01511274271
0.02015032362
0.02518790452
0.03022548543
0.03526306633
0.04030064724
0.04533822814
0.05037580904
0.05541338995
0.06548855176
0.07556371357
0.08563887537
0.09571403718
0.1108267799
0.1259395226
0.1410522653
0.1612025889
0.1863904935
0.211578398
0.2418038834
0.2770669497
0.3123300161
0.3576682442
0.4080440533
0.4684950241
0.5339835759
0.6095472894
0.6951861648
0.790900202
0.9067645628
1.032704085
1.178793932
1.345034101
1.536462176
1.758115736
2.0049572
2.292099312
2.61954207
2.992323057
3.415479853
3.89908762
4.453221519
5.087956713
5.813368364
6.639531632
7.586596842
8.664639156
9.893808896
11.30433155
12.91131986
14.74499931
16.84567054
19.24355905
21.97896549
25.10730323
28.67894809
32.75435104
37.41915096
42.73883639
48.81919654
55.76602061
63.70021054
72.76281858
83.12008492
94.94328731
108.4540793
123.8841896
141.5106852
161.6408585
184.6424529
210.9134373
240.9223068
275.1980072
314.3551236
359.0838044
410.1699124
468.5302872
535.1976329
611.3457058
698.3296153
797.6858235
911.1825212
1040.829703
1188.919469
1358.081436
1551.307927
1772.034572
2024.160458
2312.163996
2641.143217
