0.01956572595
0.01383540326
0.0112970754
0.009784051889
0.00875158543
0.0079894994
0.007397243169
0.006919868071
0.00652447488
0.006190003768
0.00590226536
0.005429900389
0.005055527964
0.00474937433
0.004492963208
0.00417610741
0.003918198872
0.003702977464
0.003464602513
0.003222928836
0.003025870899
0.002831411186
0.002646159325
0.002493307175
0.002331134414
0.002183759559
0.002039427313
0.001911727658
0.001790887579
0.001678638672
0.001575568948
0.001473497983
0.001382819259
0.00129659307
0.001216301617
0.001140720651
0.001069371902
0.001004548652
0.0009430374517
0.000885967177
0.0008331354035
0.0007843935577
0.000739178927
0.0006972421672
0.0006584940515
0.0006229124279
0.0005904891713
0.0005609231412
0.0005343483167
0.0005106351725
0.0004896122342
0.00047142062
0.0004560050932
0.0004433180309
0.0004334257059
0.000426337566
0.0004220482028
0.0004205773107
0.0004219226548
0.0004260897276
0.0004330557046
0.000442820013
0.0004553681799
0.0004706860492
0.0004887708771
0.0005096410258
0.0005332923403
0.0005597850934
0.000589157672
0.0006214891934
0.0006568620923
0.0006954062928
0.0007372361044
0.000782507477
0.0008313875535
0.0008840778187
0.0009407848609
0.00100173408
0.001067194259
0.00113744017
0.001212764473
0.001293497889
0.001379986219
0.001472612885
0.001571781499
0.001677922987
0.001791507781
0.001913032446
0.002043039675
0.002182095761
0.002330820655
0.00248986853
