339.4713264
215.6869805
170.011517
143.6491273
126.8088941
114.6367398
105.3278542
97.88888879
92.03437772
87.13392135
82.85967044
75.88775464
70.51048106
66.1181754
62.43011254
57.92761038
54.38513106
51.51537265
48.44050489
45.30830819
42.73695116
40.20938656
37.69801895
35.36360107
32.47895917
29.52621603
26.64624932
24.42468046
22.39698513
20.92710387
20.41850998
19.86775402
19.12440877
18.65144382
18.06510172
17.81038806
17.43385291
17.11803597
16.25532502
15.29730382
13.77697971
12.15422223
10.43997644
9.216880177
8.550197238
7.896570235
7.36023483
7.241981992
6.603586477
5.603008992
5.213285272
5.254541368
4.821711108
4.424204555
4.246782963
3.754773058
3.72320378
3.50350893
3.243074102
3.133447181
2.946174528
2.841521373
2.705809034
2.592322896
2.526919795
2.418179349
2.332711067
2.226693098
2.137490052
2.006292519
1.89812878
1.832372988
1.801053116
1.816532313
1.848709816
1.866797912
1.882396955
1.905615451
1.902190279
1.863852267
1.785170353
1.578292253
1.306120191
1.04883612
0.8539767364
0.742501461
0.7156851989
0.8399586927
0.9530136552
0.963023871
1.045520632
1.192215788
