471.6206714
335.4931012
273.7623615
238.3123199
213.5677924
195.1634009
179.6135967
167.0645704
157.1667974
148.7934053
141.44953
129.7416686
120.9700857
113.4499887
107.1738882
99.68576536
93.78630265
88.83400798
83.148248
77.57548506
72.83983777
68.1809796
63.57272734
59.75479049
55.62866587
51.79351153
48.11341484
45.01157448
42.08457792
39.44606506
37.49192746
35.51027598
33.64600233
32.02790435
30.50491933
28.76249132
26.92676369
25.111438
23.02575763
21.14368736
19.4979261
18.19204696
17.11077073
16.21300844
15.54299693
14.62320666
13.54765193
12.67914968
11.97024382
11.05054974
10.29590593
9.783311344
9.206674881
8.78776833
8.390466825
8.028122741
7.761270909
7.492142729
7.23640963
6.990450437
6.725310526
6.490683956
6.258871603
6.029153365
5.841778028
5.688960488
5.604004111
5.589533839
5.646860835
5.706162203
5.770068093
5.867085782
5.930885121
5.918137295
5.837916899
5.736713686
5.625385796
5.479423764
5.384176241
5.389306611
5.451967291
5.582137562
5.710997238
5.726512025
5.677921685
5.728030799
5.915788624
6.078621443
6.331449319
6.5852027
6.979354058
7.837346053
