539.3056331
360.0024491
287.8974451
246.6681423
219.1877717
199.209697
183.8479396
171.5629057
161.4489967
152.9343614
145.6378574
133.7132177
124.3065209
116.6407671
110.237824
102.3457407
95.93716294
90.59892697
84.69577401
78.72000949
73.85343281
69.05559174
64.48847804
60.72220787
56.72775309
53.09852883
49.54428576
46.39906828
43.42169625
40.65439887
38.11138054
35.59032806
33.34761854
31.21149815
29.21833366
27.33741779
25.55638669
23.93228168
22.38430598
20.94029044
19.59472964
18.34345015
17.17147335
16.0715361
15.04032536
14.076193
13.17785724
12.33564227
11.55186955
10.82126154
10.13648137
9.499930536
8.907722818
8.355485431
7.843438408
7.370009961
6.932569359
6.530774284
6.163887037
5.830285745
5.530976595
5.265241123
5.033553244
4.836518919
4.674801674
4.549109585
4.460322821
4.408949904
4.395427402
4.419852121
4.482015069
4.581488681
4.717573049
4.889514834
5.096539323
5.338037817
5.613519258
5.922714628
6.265740975
6.642927564
7.054870659
7.502536967
7.987125872
8.510178543
9.073464538
9.679005517
10.32913077
11.0263883
11.77364826
12.57396404
13.43073688
14.34759726
