0.01637402605
0.01274301349
0.01054590059
0.009245541183
0.008350142779
0.007623769131
0.007051851868
0.006600092856
0.006225399312
0.005900435001
0.005629935646
0.005187538065
0.004838411901
0.004548842916
0.004307195904
0.004003525468
0.003759897217
0.003556842448
0.003331732635
0.003102177899
0.002915068236
0.002729029083
0.002549617781
0.002402307002
0.002244612811
0.002101503532
0.001963009322
0.001842865201
0.001728145986
0.001624527331
0.0015303575
0.001437099323
0.001353680013
0.001274230978
0.001201258091
0.001132914213
0.001069011076
0.001011831852
0.0009570274536
0.0009051001994
0.0008560416566
0.0008104525764
0.0007687543262
0.0007332780892
0.0007019123992
0.000675084599
0.0006510877094
0.0006293662389
0.0006086024532
0.0005884352313
0.0005687465762
0.0005510640691
0.0005333294224
0.0005148778653
0.0004962431393
0.0004789003509
0.0004622859946
0.0004482190215
0.0004382311013
0.000432968572
0.0004329055829
0.0004377078013
0.0004480186297
0.0004636954131
0.0004835811567
0.0005081382703
0.0005349950794
0.0005655580117
0.0005964418258
0.0006307488166
0.0006666449696
0.0007065285633
0.0007496379025
0.0007970034096
0.0008467807677
0.000895194195
0.0009396421823
0.0009749773669
0.001013563735
0.001048450322
0.001085033631
0.001126089039
0.001179306743
0.001255574081
0.001338077072
0.001430662483
0.001516142579
0.001594719281
0.001642645969
0.00169568361
0.001741422694
0.001739663828
