0.01560080945
0.01028148904
0.008180516768
0.006989904426
0.006200624983
0.005628914397
0.005190462605
0.004840521188
0.004552871549
0.004311008865
0.004103960261
0.003765987146
0.003499717413
0.00328293725
0.003102005998
0.002879160158
0.002698331408
0.002547787847
0.002381398252
0.00221305
0.002076013296
0.001940967351
0.001812467025
0.001706537989
0.001594231696
0.001492233782
0.001392385131
0.001304068291
0.001220508366
0.001142892637
0.001071620745
0.001001031399
0.0009383108994
0.0008786609872
0.0008231108038
0.0007708202757
0.0007214690162
0.0006766567189
0.0006341796347
0.0005948412247
0.0005585292747
0.0005251736823
0.0004944284952
0.0004661736292
0.000440408152
0.0004171842299
0.0003965676499
0.0003784476117
0.0003629906123
0.000350199255
0.0003400677326
0.0003327395286
0.0003282390414
0.0003265938218
0.0003278330291
0.0003319362632
0.0003388800694
0.000348604342
0.00036103732
0.0003761590649
0.0003938592459
0.0004141330354
0.000436949372
0.000462297369
0.0004901974692
0.0005207078234
0.0005538574088
0.0005897672416
0.0006285246254
0.0006702680363
0.0007151353957
0.0007633197044
0.0008149888693
0.0008703577176
0.000929649865
0.0009931261181
0.001061049286
0.001133701274
0.001211412467
0.001294517366
0.001383369187
0.001478363864
0.001579913086
0.001688470989
0.001804513821
0.001928548458
0.002061126744
0.002202829946
0.002354292143
0.002516174026
0.002689197952
0.002874125334
