0.01396344267
0.01074648262
0.008963967405
0.007850694921
0.00706878863
0.006475091819
0.00600808803
0.005627007267
0.005311484508
0.005042928542
0.004814007036
0.004438478871
0.004138413272
0.003893242644
0.003688203373
0.003434399367
0.003227275009
0.003054451218
0.002862629349
0.002666155378
0.002503532044
0.002342381307
0.002190589795
0.002065916408
0.001934497243
0.001818327244
0.001707074307
0.001608288495
0.001515564977
0.001429293366
0.001348509085
0.001266071154
0.001192104741
0.001122597995
0.001059237141
0.001001704117
0.0009504057448
0.000905998328
0.0008630086323
0.0008229811285
0.0007860414774
0.0007533402053
0.0007230509303
0.0006978391969
0.0006765740279
0.0006583601557
0.0006418180638
0.0006269427192
0.0006109828088
0.0005959064629
0.0005842652068
0.0005758906572
0.0005704796286
0.0005686000625
0.0005713450208
0.0005760414195
0.0005822673227
0.0005911090081
0.0006018250026
0.0006142861685
0.0006287462758
0.0006459874945
0.0006664584649
0.0006951257993
0.0007350827968
0.0007863823792
0.000848044644
0.0009233006752
0.001013205796
0.00111552143
0.001229615297
0.001356644958
0.001492150076
0.001634056299
0.001778150362
0.001928532601
0.002086366874
0.002244543205
0.002383097945
0.002496869018
0.002590914675
0.002681066873
0.002784887444
0.002939698129
0.003117708361
0.003300240004
0.003426928502
0.003542479233
0.00364187846
0.00376663335
0.003946054899
0.004043167597
