0.01641435715
0.01160852999
0.009479827627
0.008211076066
0.007345378262
0.006706450291
0.006209956299
0.005809809011
0.005478415076
0.005198111367
0.004956997269
0.004561234298
0.004247639601
0.003991243816
0.003776552634
0.003511323137
0.003295507939
0.003115473121
0.002916148105
0.002714167807
0.002549570802
0.002387248569
0.002232732286
0.002105349212
0.001970332444
0.001847784127
0.00172793825
0.001622082155
0.001522107581
0.001429455338
0.001344609816
0.001260862432
0.001186755798
0.001116616376
0.001051673558
0.0009909599842
0.0009341293794
0.0008830251366
0.0008351389225
0.0007914007519
0.0007516886716
0.0007159226303
0.000683730264
0.000654992042
0.0006297109332
0.0006079318088
0.0005896940209
0.0005748757038
0.0005635827631
0.0005557726381
0.0005514202487
0.0005505728628
0.0005532112702
0.0005593529506
0.0005689794861
0.0005820675291
0.0005986447606
0.0006186872617
0.0006421889899
0.0006692527052
0.0006998218424
0.0007340242744
0.0007719307619
0.0008136343701
0.0008592663676
0.0009090059261
0.0009629720101
0.001021422144
0.00108454907
0.001152620522
0.001225896427
0.001304721069
0.001389393271
0.001480285101
0.00157778037
0.001682322042
0.001794354996
0.001914354585
0.00204287572
0.002180480037
0.002327760305
0.002485380562
0.002654031804
0.002834476621
0.003027515817
0.003234002928
0.003454868564
0.003691095051
0.003943756041
0.004213973546
0.004502977291
0.004812068054
