354.5671281
219.4123448
169.7769106
142.8001022
125.3991142
113.0361805
103.6905526
96.31431475
90.3048245
85.28848337
81.02007904
74.10224487
68.6937584
64.31639977
60.6799604
56.22144627
52.61929443
49.63063356
46.33763172
43.01621226
40.31977862
37.6684619
35.15077319
33.07881033
30.88528113
28.89566557
26.95007545
25.23066517
23.60488052
22.09535566
20.70942662
19.33660262
18.11625919
16.95468314
15.87149808
14.84987846
13.88300439
13.00173116
12.1621243
11.37921165
10.64993743
9.97197451
9.337147841
8.741467319
8.183081085
7.661034322
7.174564412
6.71835413
6.293572203
5.897256914
5.525303819
5.178869711
4.855669228
4.553103256
4.271036686
4.008308091
3.763098053
3.534783843
3.322448218
3.124549863
2.940989886
2.770540094
2.612588596
2.466539164
2.331787587
2.207741666
2.094069726
1.990232527
1.895936622
1.81084914
1.734734424
1.667346982
1.608556516
1.558229988
1.516281688
1.482643795
1.457284218
1.440183086
1.431325314
1.430708798
1.438333049
1.454201724
1.478323332
1.510719173
1.551423925
1.600491981
1.658008915
1.724090561
1.798897625
1.882626441
1.975528401
2.077899869
